5511311
5510711
5510742
5484509
5510762
5540585
5541182
5501548
5501572
5501597
5490100
5490104
5490115
5490118
5483084
5505388
5505776
5505782
5505800
5541257
5542100
5484646
5486463
5484059
5484488
5484506
5483172
5540595
5483944
5511315
5478995
5517686
5517727
5540964
5541272
5502357
5502360
5502368
5490099
5490102
5490106
5490114
5490117
5542101
5501527
5511186
5511221
5511240
5511242
5541266
5542071
5483968
5498137
5483951
5478975
5506414
5506420
5506425
5542068
5501601
5484484
5501639
5501654
5541255
5542067
5502363
5509017
5509162
5509612
5509616
5542070
5483105
5482254
5482263
5483145
5541212
5542097
5505781
5505794
5491756
5505813
5489413
5505377
5484649
5506391
5506407
5506424
5542068
5483065
5498121
5498143
5540230
5506093
5479528
5517499
5541847
5511231
5511249
5511251
5541265
5486409
5486605
5486639
5541100
5541213
5516881
5540475
5484653
5516887
5541092
5491700
5491723
5491646
5491754
5491756
5493233
5489111
5484050
5517166
5516921
5479035
5541093
5542072
5493190
5497225
5511134
5517497
5516936
5540475
5493200
5498116
5521375
5486469
5486617
5486627
5483106
5516965
5541094
5491710
5491673
5541274
5501534
5501566
5501569
5501578
5483085
5493197
5484507
5484044
5484485
5483182
5540595
5542066
5541092
5512445
5501555
5516960
5516964
5516889
5517498
5541094
5542072
5521375
5491712
5516925
5486437
5490103
5490107
5490119
5541218
5524319
5509001
5509014
5509020
5491725
5509358
5509609
5540731
5541261
